# N   counts   P(N)   rho=N/V
0  0  0  0
1  0  0  0.00291545189504
2  0  0  0.00583090379009
3  0  0  0.00874635568513
4  0  0  0.0116618075802
5  0  0  0.0145772594752
6  0  0  0.0174927113703
7  0  0  0.0204081632653
8  0  0  0.0233236151603
9  0  0  0.0262390670554
10  0  0  0.0291545189504
11  0  0  0.0320699708455
12  0  0  0.0349854227405
13  0  0  0.0379008746356
14  0  0  0.0408163265306
15  0  0  0.0437317784257
16  0  0  0.0466472303207
17  0  0  0.0495626822157
18  0  0  0.0524781341108
19  0  0  0.0553935860058
20  0  0  0.0583090379009
21  0  0  0.0612244897959
22  0  0  0.064139941691
23  0  0  0.067055393586
24  0  0  0.069970845481
25  0  0  0.0728862973761
26  0  0  0.0758017492711
27  0  0  0.0787172011662
28  0  0  0.0816326530612
29  0  0  0.0845481049563
30  0  0  0.0874635568513
31  0  0  0.0903790087464
32  0  0  0.0932944606414
33  0  0  0.0962099125364
34  0  0  0.0991253644315
35  0  0  0.102040816327
36  0  0  0.104956268222
37  0  0  0.107871720117
38  0  0  0.110787172012
39  0  0  0.113702623907
40  0  0  0.116618075802
41  0  0  0.119533527697
42  0  0  0.122448979592
43  0  0  0.125364431487
44  0  0  0.128279883382
45  0  0  0.131195335277
46  0  0  0.134110787172
47  0  0  0.137026239067
48  0  0  0.139941690962
49  0  0  0.142857142857
50  0  0  0.145772594752
51  0  0  0.148688046647
52  0  0  0.151603498542
53  0  0  0.154518950437
54  0  0  0.157434402332
55  0  0  0.160349854227
56  0  0  0.163265306122
57  0  0  0.166180758017
58  0  0  0.169096209913
59  0  0  0.172011661808
60  0  0  0.174927113703
61  0  0  0.177842565598
62  0  0  0.180758017493
63  0  0  0.183673469388
64  0  0  0.186588921283
65  0  0  0.189504373178
66  0  0  0.192419825073
67  0  0  0.195335276968
68  0  0  0.198250728863
69  0  0  0.201166180758
70  0  0  0.204081632653
71  0  0  0.206997084548
72  0  0  0.209912536443
73  0  0  0.212827988338
74  0  0  0.215743440233
75  0  0  0.218658892128
76  0  0  0.221574344023
77  0  0  0.224489795918
78  0  0  0.227405247813
79  0  0  0.230320699708
80  0  0  0.233236151603
81  0  0  0.236151603499
82  0  0  0.239067055394
83  0  0  0.241982507289
84  0  0  0.244897959184
85  0  0  0.247813411079
86  0  0  0.250728862974
87  0  0  0.253644314869
88  0  0  0.256559766764
89  0  0  0.259475218659
90  0  0  0.262390670554
91  0  0  0.265306122449
92  0  0  0.268221574344
93  0  0  0.271137026239
94  0  0  0.274052478134
95  0  0  0.276967930029
96  0  0  0.279883381924
97  0  0  0.282798833819
98  0  0  0.285714285714
99  0  0  0.288629737609
100  0  0  0.291545189504
101  0  0  0.294460641399
102  0  0  0.297376093294
103  0  0  0.30029154519
104  0  0  0.303206997085
105  0  0  0.30612244898
106  0  0  0.309037900875
107  0  0  0.31195335277
108  0  0  0.314868804665
109  0  0  0.31778425656
110  0  0  0.320699708455
111  0  0  0.32361516035
112  0  0  0.326530612245
113  0  0  0.32944606414
114  0  0  0.332361516035
115  0  0  0.33527696793
116  0  0  0.338192419825
117  0  0  0.34110787172
118  0  0  0.344023323615
119  0  0  0.34693877551
120  0  0  0.349854227405
121  0  0  0.3527696793
122  0  0  0.355685131195
123  0  0  0.35860058309
124  0  0  0.361516034985
125  0  0  0.36443148688
126  0  0  0.367346938776
127  0  0  0.370262390671
128  0  0  0.373177842566
129  0  0  0.376093294461
130  0  0  0.379008746356
131  0  0  0.381924198251
132  0  0  0.384839650146
133  0  0  0.387755102041
134  0  0  0.390670553936
135  0  0  0.393586005831
136  0  0  0.396501457726
137  0  0  0.399416909621
138  0  0  0.402332361516
139  0  0  0.405247813411
140  0  0  0.408163265306
141  0  0  0.411078717201
142  0  0  0.413994169096
143  0  0  0.416909620991
144  0  0  0.419825072886
145  0  0  0.422740524781
146  0  0  0.425655976676
147  0  0  0.428571428571
148  0  0  0.431486880466
149  0  0  0.434402332362
150  0  0  0.437317784257
151  0  0  0.440233236152
152  0  0  0.443148688047
153  0  0  0.446064139942
154  0  0  0.448979591837
155  0  0  0.451895043732
156  0  0  0.454810495627
157  0  0  0.457725947522
158  0  0  0.460641399417
159  0  0  0.463556851312
160  0  0  0.466472303207
161  0  0  0.469387755102
162  0  0  0.472303206997
163  0  0  0.475218658892
164  0  0  0.478134110787
165  68  0.000226666666667  0.481049562682
166  291  0.00097  0.483965014577
167  408  0.00136  0.486880466472
168  570  0.0019  0.489795918367
169  734  0.00244666666667  0.492711370262
170  834  0.00278  0.495626822157
171  1246  0.00415333333333  0.498542274052
172  2132  0.00710666666667  0.501457725948
173  1707  0.00569  0.504373177843
174  2671  0.00890333333333  0.507288629738
175  3620  0.0120666666667  0.510204081633
176  5516  0.0183866666667  0.513119533528
177  6618  0.02206  0.516034985423
178  7035  0.02345  0.518950437318
179  7894  0.0263133333333  0.521865889213
180  9595  0.0319833333333  0.524781341108
181  11910  0.0397  0.527696793003
182  13385  0.0446166666667  0.530612244898
183  19349  0.0644966666667  0.533527696793
184  17911  0.0597033333333  0.536443148688
185  17116  0.0570533333333  0.539358600583
186  16623  0.05541  0.542274052478
187  15713  0.0523766666667  0.545189504373
188  15887  0.0529566666667  0.548104956268
189  15624  0.05208  0.551020408163
190  14549  0.0484966666667  0.553935860058
191  12531  0.04177  0.556851311953
192  11754  0.03918  0.559766763848
193  10743  0.03581  0.562682215743
194  9066  0.03022  0.565597667638
195  8627  0.0287566666667  0.568513119534
196  9660  0.0322  0.571428571429
197  6037  0.0201233333333  0.574344023324
198  5307  0.01769  0.577259475219
199  4777  0.0159233333333  0.580174927114
200  4291  0.0143033333333  0.583090379009
201  2411  0.00803666666667  0.586005830904
202  1444  0.00481333333333  0.588921282799
203  1978  0.00659333333333  0.591836734694
204  1429  0.00476333333333  0.594752186589
205  763  0.00254333333333  0.597667638484
206  59  0.000196666666667  0.600583090379
207  117  0.00039  0.603498542274
208  0  0  0.606413994169
209  0  0  0.609329446064
210  0  0  0.612244897959
211  0  0  0.615160349854
212  0  0  0.618075801749
213  0  0  0.620991253644
214  0  0  0.623906705539
215  0  0  0.626822157434
216  0  0  0.629737609329
217  0  0  0.632653061224
218  0  0  0.63556851312
219  0  0  0.638483965015
220  0  0  0.64139941691
221  0  0  0.644314868805
222  0  0  0.6472303207
223  0  0  0.650145772595
224  0  0  0.65306122449
225  0  0  0.655976676385
226  0  0  0.65889212828
227  0  0  0.661807580175
228  0  0  0.66472303207
229  0  0  0.667638483965
230  0  0  0.67055393586
231  0  0  0.673469387755
232  0  0  0.67638483965
233  0  0  0.679300291545
234  0  0  0.68221574344
235  0  0  0.685131195335
236  0  0  0.68804664723
237  0  0  0.690962099125
238  0  0  0.69387755102
239  0  0  0.696793002915
240  0  0  0.69970845481
241  0  0  0.702623906706
242  0  0  0.705539358601
243  0  0  0.708454810496
244  0  0  0.711370262391
245  0  0  0.714285714286
246  0  0  0.717201166181
247  0  0  0.720116618076
248  0  0  0.723032069971
249  0  0  0.725947521866
250  0  0  0.728862973761
251  0  0  0.731778425656
252  0  0  0.734693877551
253  0  0  0.737609329446
254  0  0  0.740524781341
255  0  0  0.743440233236
256  0  0  0.746355685131
257  0  0  0.749271137026
258  0  0  0.752186588921
259  0  0  0.755102040816
260  0  0  0.758017492711
261  0  0  0.760932944606
262  0  0  0.763848396501
263  0  0  0.766763848397
264  0  0  0.769679300292
265  0  0  0.772594752187
266  0  0  0.775510204082
267  0  0  0.778425655977
268  0  0  0.781341107872
269  0  0  0.784256559767
270  0  0  0.787172011662
271  0  0  0.790087463557
272  0  0  0.793002915452
273  0  0  0.795918367347
274  0  0  0.798833819242
275  0  0  0.801749271137
276  0  0  0.804664723032
277  0  0  0.807580174927
278  0  0  0.810495626822
279  0  0  0.813411078717
280  0  0  0.816326530612
281  0  0  0.819241982507
282  0  0  0.822157434402
283  0  0  0.825072886297
284  0  0  0.827988338192
285  0  0  0.830903790087
286  0  0  0.833819241983
287  0  0  0.836734693878
288  0  0  0.839650145773
289  0  0  0.842565597668
290  0  0  0.845481049563
291  0  0  0.848396501458
292  0  0  0.851311953353
293  0  0  0.854227405248
294  0  0  0.857142857143
295  0  0  0.860058309038
296  0  0  0.862973760933
297  0  0  0.865889212828
298  0  0  0.868804664723
299  0  0  0.871720116618
300  0  0  0.874635568513
301  0  0  0.877551020408
302  0  0  0.880466472303
303  0  0  0.883381924198
304  0  0  0.886297376093
305  0  0  0.889212827988
306  0  0  0.892128279883
307  0  0  0.895043731778
308  0  0  0.897959183673
309  0  0  0.900874635569
310  0  0  0.903790087464
311  0  0  0.906705539359
312  0  0  0.909620991254
313  0  0  0.912536443149
314  0  0  0.915451895044
315  0  0  0.918367346939
316  0  0  0.921282798834
317  0  0  0.924198250729
318  0  0  0.927113702624
319  0  0  0.930029154519
320  0  0  0.932944606414
321  0  0  0.935860058309
322  0  0  0.938775510204
323  0  0  0.941690962099
324  0  0  0.944606413994
325  0  0  0.947521865889
326  0  0  0.950437317784
327  0  0  0.953352769679
328  0  0  0.956268221574
329  0  0  0.959183673469
330  0  0  0.962099125364
331  0  0  0.965014577259
332  0  0  0.967930029155
333  0  0  0.97084548105
334  0  0  0.973760932945
335  0  0  0.97667638484
336  0  0  0.979591836735
337  0  0  0.98250728863
338  0  0  0.985422740525
339  0  0  0.98833819242
340  0  0  0.991253644315
341  0  0  0.99416909621
342  0  0  0.997084548105
343  0  0  1
344  0  0  1.0029154519
345  0  0  1.00583090379
346  0  0  1.00874635569
347  0  0  1.01166180758
348  0  0  1.01457725948
349  0  0  1.01749271137
350  0  0  1.02040816327
351  0  0  1.02332361516
352  0  0  1.02623906706
353  0  0  1.02915451895
354  0  0  1.03206997085
355  0  0  1.03498542274
356  0  0  1.03790087464
357  0  0  1.04081632653
358  0  0  1.04373177843
359  0  0  1.04664723032
360  0  0  1.04956268222
361  0  0  1.05247813411
362  0  0  1.05539358601
363  0  0  1.0583090379
364  0  0  1.0612244898
365  0  0  1.06413994169
366  0  0  1.06705539359
367  0  0  1.06997084548
368  0  0  1.07288629738
369  0  0  1.07580174927
370  0  0  1.07871720117
371  0  0  1.08163265306
372  0  0  1.08454810496
373  0  0  1.08746355685
374  0  0  1.09037900875
375  0  0  1.09329446064
376  0  0  1.09620991254
377  0  0  1.09912536443
378  0  0  1.10204081633
379  0  0  1.10495626822
380  0  0  1.10787172012
381  0  0  1.11078717201
382  0  0  1.11370262391
383  0  0  1.1166180758
384  0  0  1.1195335277
385  0  0  1.12244897959
386  0  0  1.12536443149
387  0  0  1.12827988338
388  0  0  1.13119533528
389  0  0  1.13411078717
390  0  0  1.13702623907
391  0  0  1.13994169096
392  0  0  1.14285714286
393  0  0  1.14577259475
394  0  0  1.14868804665
395  0  0  1.15160349854
396  0  0  1.15451895044
397  0  0  1.15743440233
398  0  0  1.16034985423
399  0  0  1.16326530612
400  0  0  1.16618075802
401  0  0  1.16909620991
402  0  0  1.17201166181
403  0  0  1.1749271137
404  0  0  1.1778425656
405  0  0  1.18075801749
406  0  0  1.18367346939
407  0  0  1.18658892128
408  0  0  1.18950437318
409  0  0  1.19241982507
410  0  0  1.19533527697
411  0  0  1.19825072886
412  0  0  1.20116618076
413  0  0  1.20408163265
414  0  0  1.20699708455
415  0  0  1.20991253644
416  0  0  1.21282798834
417  0  0  1.21574344023
418  0  0  1.21865889213
419  0  0  1.22157434402
420  0  0  1.22448979592
421  0  0  1.22740524781
422  0  0  1.23032069971
423  0  0  1.2332361516
424  0  0  1.2361516035
425  0  0  1.23906705539
426  0  0  1.24198250729
427  0  0  1.24489795918
428  0  0  1.24781341108
429  0  0  1.25072886297
430  0  0  1.25364431487
431  0  0  1.25655976676
432  0  0  1.25947521866
433  0  0  1.26239067055
434  0  0  1.26530612245
435  0  0  1.26822157434
436  0  0  1.27113702624
437  0  0  1.27405247813
438  0  0  1.27696793003
439  0  0  1.27988338192
440  0  0  1.28279883382
441  0  0  1.28571428571
442  0  0  1.28862973761
443  0  0  1.2915451895
444  0  0  1.2944606414
445  0  0  1.29737609329
446  0  0  1.30029154519
447  0  0  1.30320699708
448  0  0  1.30612244898
449  0  0  1.30903790087
450  0  0  1.31195335277
451  0  0  1.31486880466
452  0  0  1.31778425656
453  0  0  1.32069970845
454  0  0  1.32361516035
455  0  0  1.32653061224
456  0  0  1.32944606414
457  0  0  1.33236151603
458  0  0  1.33527696793
459  0  0  1.33819241983
460  0  0  1.34110787172
461  0  0  1.34402332362
462  0  0  1.34693877551
463  0  0  1.34985422741
464  0  0  1.3527696793
465  0  0  1.3556851312
466  0  0  1.35860058309
467  0  0  1.36151603499
468  0  0  1.36443148688
469  0  0  1.36734693878
470  0  0  1.37026239067
471  0  0  1.37317784257
472  0  0  1.37609329446
473  0  0  1.37900874636
474  0  0  1.38192419825
475  0  0  1.38483965015
476  0  0  1.38775510204
477  0  0  1.39067055394
478  0  0  1.39358600583
479  0  0  1.39650145773
480  0  0  1.39941690962
481  0  0  1.40233236152
482  0  0  1.40524781341
483  0  0  1.40816326531
484  0  0  1.4110787172
485  0  0  1.4139941691
486  0  0  1.41690962099
487  0  0  1.41982507289
488  0  0  1.42274052478
489  0  0  1.42565597668
490  0  0  1.42857142857
491  0  0  1.43148688047
492  0  0  1.43440233236
493  0  0  1.43731778426
494  0  0  1.44023323615
495  0  0  1.44314868805
496  0  0  1.44606413994
497  0  0  1.44897959184
498  0  0  1.45189504373
499  0  0  1.45481049563
500  0  0  1.45772594752
