# EOS from NPT (point 1)
# T* = 1.4
# columns: P   rho   U_over_N   V   L
7.0000000000e-02  5.6275606328e-02  -3.6365452775e-01  6.1188309275e+03  1.8282471638e+01
8.0000000000e-02  6.5810548370e-02  -4.2330292547e-01  5.2314605294e+03  1.7352431002e+01
9.0000000000e-02  7.5612729359e-02  -4.8561077711e-01  4.5559541336e+03  1.6569847732e+01
1.0000000000e-01  8.5082695390e-02  -5.4772115119e-01  4.0484543749e+03  1.5930360068e+01
1.2000000000e-01  1.0623218363e-01  -6.7889405473e-01  3.2454124162e+03  1.4797055019e+01
1.4000000000e-01  1.2898087745e-01  -8.1521657425e-01  2.6735596085e+03  1.3870964839e+01
1.6000000000e-01  1.5441094071e-01  -9.6442342681e-01  2.2334435346e+03  1.3063587516e+01
1.8000000000e-01  1.7987879378e-01  -1.1139865617e+00  1.9185016892e+03  1.2417322175e+01
2.0000000000e-01  2.0651502944e-01  -1.2627670027e+00  1.6706922165e+03  1.1858098460e+01
2.2000000000e-01  2.3816514361e-01  -1.4405136751e+00  1.4492865700e+03  1.1308764455e+01
2.4000000000e-01  2.6713771741e-01  -1.5974511497e+00  1.2907439342e+03  1.0881653797e+01
2.6000000000e-01  2.8896139484e-01  -1.7134654005e+00  1.1933219168e+03  1.0600599863e+01
2.8000000000e-01  3.1688369002e-01  -1.8588545779e+00  1.0880393591e+03  1.0279365074e+01
3.0000000000e-01  3.4063957720e-01  -1.9850642095e+00  1.0115390359e+03  1.0033242048e+01
