# EOS from SUS (muVT) via reweighting
# input_logW = logW_from_windows.dat
# gauge: logW(Nmin)=0 with Nmin=0
# params: T=1.4  V=343  mu_ref=-3.5
# columns: mu   rho(<N>/V)   P   <N>   lnXi
-6.000000000000e+00  1.472658789603e-02  2.002694973180e-02  5.051219648339e+00  4.906602684292e+00
-5.980000000000e+00  1.495073540103e-02  2.032371708559e-02  5.128102242554e+00  4.979310685970e+00
-5.960000000000e+00  1.517844159049e-02  2.062500287207e-02  5.206205465539e+00  5.053125703658e+00
-5.940000000000e+00  1.540976977666e-02  2.093087889551e-02  5.285551033393e+00  5.128065329400e+00
-5.920000000000e+00  1.564478482104e-02  2.124141824184e-02  5.366161193616e+00  5.204147469251e+00
-5.900000000000e+00  1.588355318119e-02  2.155669531009e-02  5.448058741147e+00  5.281390350973e+00
-5.880000000000e+00  1.612614295787e-02  2.187678584482e-02  5.531267034550e+00  5.359812531981e+00
-5.860000000000e+00  1.637262394267e-02  2.220176696941e-02  5.615810012337e+00  5.439432907505e+00
-5.840000000000e+00  1.662306766592e-02  2.253171722039e-02  5.701712209411e+00  5.520270718995e+00
-5.820000000000e+00  1.687754744501e-02  2.286671658268e-02  5.788998773639e+00  5.602345562756e+00
-5.800000000000e+00  1.713613843315e-02  2.320684652583e-02  5.877695482569e+00  5.685677398828e+00
-5.780000000000e+00  1.739891766847e-02  2.355219004122e-02  5.967828760287e+00  5.770286560099e+00
-5.760000000000e+00  1.766596412377e-02  2.390283168026e-02  6.059425694454e+00  5.856193761664e+00
-5.740000000000e+00  1.793735875670e-02  2.425885759357e-02  6.152514053550e+00  5.943420110425e+00
-5.720000000000e+00  1.821318456080e-02  2.462035557121e-02  6.247122304353e+00  6.031987114945e+00
-5.700000000000e+00  1.849352661726e-02  2.498741508388e-02  6.343279629721e+00  6.121916695550e+00
-5.680000000000e+00  1.877847214786e-02  2.536012732524e-02  6.441015946715e+00  6.213231194683e+00
-5.660000000000e+00  1.906811056892e-02  2.573858525523e-02  6.540361925139e+00  6.305953387531e+00
-5.640000000000e+00  1.936253354686e-02  2.612288364453e-02  6.641349006572e+00  6.400106492909e+00
-5.620000000000e+00  1.966183505529e-02  2.651311912011e-02  6.744009423963e+00  6.495714184427e+00
-5.600000000000e+00  1.996611143406e-02  2.690939021200e-02  6.848376221883e+00  6.592800601940e+00
-5.580000000000e+00  2.027546145049e-02  2.731179740117e-02  6.954483277518e+00  6.691390363287e+00
-5.560000000000e+00  2.058998636299e-02  2.772044316876e-02  7.062365322505e+00  6.791508576346e+00
-5.540000000000e+00  2.090978998743e-02  2.813543204652e-02  7.172057965688e+00  6.893180851398e+00
-5.520000000000e+00  2.123497876646e-02  2.855687066869e-02  7.283597716897e+00  6.996433313828e+00
-5.500000000000e+00  2.156566184206e-02  2.898486782521e-02  7.397022011825e+00  7.101292617176e+00
-5.480000000000e+00  2.190195113145e-02  2.941953451649e-02  7.512369238086e+00  7.207785956541e+00
-5.460000000000e+00  2.224396140672e-02  2.986098400972e-02  7.629678762507e+00  7.315941082381e+00
-5.440000000000e+00  2.259181037816e-02  3.030933189673e-02  7.748990959709e+00  7.425786314699e+00
-5.420000000000e+00  2.294561878137e-02  3.076469615370e-02  7.870347242010e+00  7.537350557656e+00
-5.400000000000e+00  2.330551046835e-02  3.122719720250e-02  7.993790090645e+00  7.650663314612e+00
-5.380000000000e+00  2.367161250234e-02  3.169695797401e-02  8.119363088303e+00  7.765754703632e+00
-5.360000000000e+00  2.404405525634e-02  3.217410397330e-02  8.247110952923e+00  7.882655473458e+00
-5.340000000000e+00  2.442297251517e-02  3.265876334685e-02  8.377079572702e+00  8.001397019977e+00
-5.320000000000e+00  2.480850158074e-02  3.315106695181e-02  8.509316042193e+00  8.122011403194e+00
-5.300000000000e+00  2.520078338015e-02  3.365114842747e-02  8.643868699391e+00  8.244531364730e+00
-5.280000000000e+00  2.559996257626e-02  3.415914426881e-02  8.780787163656e+00  8.368990345858e+00
-5.260000000000e+00  2.600618768019e-02  3.467519390236e-02  8.920122374304e+00  8.495422506078e+00
-5.240000000000e+00  2.641961116528e-02  3.519943976432e-02  9.061926629692e+00  8.623862742258e+00
-5.220000000000e+00  2.684038958197e-02  3.573202738092e-02  9.206253626617e+00  8.754346708324e+00
-5.200000000000e+00  2.726868367303e-02  3.627310545113e-02  9.353158499849e+00  8.886910835528e+00
-5.180000000000e+00  2.770465848874e-02  3.682282593169e-02  9.502697861637e+00  9.021592353263e+00
-5.160000000000e+00  2.814848350169e-02  3.738134412432e-02  9.654929841079e+00  9.158429310459e+00
-5.140000000000e+00  2.860033272087e-02  3.794881876543e-02  9.809914123260e+00  9.297460597530e+00
-5.120000000000e+00  2.906038480517e-02  3.852541211787e-02  9.967711988172e+00  9.438725968878e+00
-5.100000000000e+00  2.952882317637e-02  3.911129006513e-02  1.012838634950e+01  9.582266065957e+00
-5.080000000000e+00  3.000583613248e-02  3.970662220771e-02  1.029200179344e+01  9.728122440890e+00
-5.060000000000e+00  3.049161696204e-02  4.031158196178e-02  1.045862461798e+01  9.876337580637e+00
-5.040000000000e+00  3.098636406109e-02  4.092634666016e-02  1.062832287295e+01  1.002695493174e+01
-5.020000000000e+00  3.149028105463e-02  4.155109765567e-02  1.080116640174e+01  1.018001892564e+01
-5.000000000000e+00  3.200357692505e-02  4.218602042697e-02  1.097722688529e+01  1.033557500461e+01
-4.980000000000e+00  3.252646615072e-02  4.283130468712e-02  1.115657788970e+01  1.049366964834e+01
-4.960000000000e+00  3.305916885848e-02  4.348714449492e-02  1.133929491846e+01  1.065435040126e+01
-4.940000000000e+00  3.360191099440e-02  4.415373836964e-02  1.152545547108e+01  1.081766590056e+01
-4.920000000000e+00  3.415492451805e-02  4.483128940923e-02  1.171513910969e+01  1.098366590526e+01
-4.900000000000e+00  3.471844762585e-02  4.552000541282e-02  1.190842753567e+01  1.115240132614e+01
-4.880000000000e+00  3.529272501000e-02  4.622009900793e-02  1.210540467843e+01  1.132392425694e+01
-4.860000000000e+00  3.587800815963e-02  4.693178778340e-02  1.230615679875e+01  1.149828800693e+01
-4.840000000000e+00  3.647455571163e-02  4.765529442866e-02  1.251077260909e+01  1.167554713502e+01
-4.820000000000e+00  3.708263385855e-02  4.839084688071e-02  1.271934341348e+01  1.185575748577e+01
-4.800000000000e+00  3.770251682133e-02  4.913867847987e-02  1.293196326972e+01  1.203897622757e+01
-4.780000000000e+00  3.833448739437e-02  4.989902813559e-02  1.314872917627e+01  1.222526189322e+01
-4.760000000000e+00  3.897883757030e-02  5.067214050413e-02  1.336974128661e+01  1.241467442351e+01
-4.740000000000e+00  3.963586925128e-02  5.145826617939e-02  1.359510315319e+01  1.260727521395e+01
-4.720000000000e+00  4.030589505279e-02  5.225766189907e-02  1.382492200311e+01  1.280312716527e+01
-4.700000000000e+00  4.098923920494e-02  5.307059076771e-02  1.405930904730e+01  1.300229473809e+01
-4.680000000000e+00  4.168623855500e-02  5.389732249887e-02  1.429837982437e+01  1.320484401222e+01
-4.660000000000e+00  4.239724367305e-02  5.473813367838e-02  1.454225457986e+01  1.341084275120e+01
-4.640000000000e+00  4.312262006094e-02  5.559330805066e-02  1.479105868090e+01  1.362036047241e+01
-4.620000000000e+00  4.386274946225e-02  5.646313683032e-02  1.504492306555e+01  1.383346852343e+01
-4.600000000000e+00  4.461803126840e-02  5.734791904093e-02  1.530398472506e+01  1.405024016503e+01
-4.580000000000e+00  4.538888401285e-02  5.824796188271e-02  1.556838721641e+01  1.427075066126e+01
-4.560000000000e+00  4.617574694207e-02  5.916358113104e-02  1.583828120113e+01  1.449507737711e+01
-4.540000000000e+00  4.697908164779e-02  6.009510156690e-02  1.611382500519e+01  1.472329988389e+01
-4.520000000000e+00  4.779937374049e-02  6.104285744049e-02  1.639518519299e+01  1.495550007292e+01
-4.500000000000e+00  4.863713453919e-02  6.200719296847e-02  1.668253714694e+01  1.519176227728e+01
-4.480000000000e+00  4.949290274653e-02  6.298846286500e-02  1.697606564206e+01  1.543217340192e+01
-4.460000000000e+00  5.036724607195e-02  6.398703290567e-02  1.727596540268e+01  1.567682306189e+01
-4.440000000000e+00  5.126076275854e-02  6.500328052318e-02  1.758244162618e+01  1.592580372818e+01
-4.420000000000e+00  5.217408296145e-02  6.603759543209e-02  1.789571045578e+01  1.617921088086e+01
-4.400000000000e+00  5.310786991793e-02  6.709038027911e-02  1.821599938185e+01  1.643714316838e+01
-4.380000000000e+00  5.406282084074e-02  6.816205131424e-02  1.854354754838e+01  1.669970257199e+01
-4.360000000000e+00  5.503966745937e-02  6.925303907633e-02  1.887860593856e+01  1.696699457370e+01
-4.340000000000e+00  5.603917612712e-02  7.036378908532e-02  1.922143741160e+01  1.723912832590e+01
-4.320000000000e+00  5.706214740806e-02  7.149476253145e-02  1.957231656097e+01  1.751621682020e+01
-4.300000000000e+00  5.810941505739e-02  7.264643695041e-02  1.993152936469e+01  1.779837705285e+01
-4.280000000000e+00  5.918184431336e-02  7.381930687132e-02  2.029937259948e+01  1.808573018347e+01
-4.260000000000e+00  6.028032943031e-02  7.501388442295e-02  2.067615299460e+01  1.837840168362e+01
-4.240000000000e+00  6.140579040294e-02  7.623069988274e-02  2.106218610821e+01  1.867652147127e+01
-4.220000000000e+00  6.255916886238e-02  7.747030215191e-02  2.145779491980e+01  1.898022402722e+01
-4.200000000000e+00  6.374142316873e-02  7.873325914040e-02  2.186330814687e+01  1.928964848940e+01
-4.180000000000e+00  6.495352278097e-02  8.002015804626e-02  2.227905831387e+01  1.960493872133e+01
-4.160000000000e+00  6.619644205647e-02  8.133160551642e-02  2.270537962537e+01  1.992624335152e+01
-4.140000000000e+00  6.747115371534e-02  8.266822767957e-02  2.314260572436e+01  2.025371578150e+01
-4.120000000000e+00  6.877862229896e-02  8.403067004773e-02  2.359106744854e+01  2.058751416169e+01
-4.100000000000e+00  7.011979805064e-02  8.541959729035e-02  2.405109073137e+01  2.092780133614e+01
-4.080000000000e+00  7.149561174398e-02  8.683569289456e-02  2.452299482819e+01  2.127474475917e+01
-4.060000000000e+00  7.290697107042e-02  8.827965873651e-02  2.500709107715e+01  2.162851639045e+01
-4.040000000000e+00  7.435475926164e-02  8.975221460166e-02  2.550368242674e+01  2.198929257741e+01
-4.020000000000e+00  7.583983665096e-02  9.125409770568e-02  2.601306397128e+01  2.235725393789e+01
-4.000000000000e+00  7.736304585854e-02  9.278606228179e-02  2.653552472948e+01  2.273258525904e+01
-3.980000000000e+00  7.892522120531e-02  9.434887931313e-02  2.707135087342e+01  2.311547543172e+01
-3.960000000000e+00  8.052720281243e-02  9.594333649968e-02  2.762083056466e+01  2.350611744242e+01
-3.940000000000e+00  8.216985562077e-02  9.757023855626e-02  2.818426047792e+01  2.390470844628e+01
-3.920000000000e+00  8.385409327290e-02  9.923040793979e-02  2.876195399260e+01  2.431144994525e+01
-3.900000000000e+00  8.558090644705e-02  1.009246860998e-01  2.935425091134e+01  2.472654809446e+01
-3.880000000000e+00  8.735139483830e-02  1.026539353339e-01  2.996152842954e+01  2.515021415681e+01
-3.860000000000e+00  8.916680157351e-02  1.044190413093e-01  3.058421293971e+01  2.558266512077e+01
-3.840000000000e+00  9.102854845757e-02  1.062209162838e-01  3.122279212095e+01  2.602412448954e+01
-3.820000000000e+00  9.293827011736e-02  1.080605030251e-01  3.187782665026e+01  2.647482324115e+01
-3.800000000000e+00  9.489784487772e-02  1.099387793825e-01  3.254996079306e+01  2.693500094872e+01
-3.780000000000e+00  9.690942010907e-02  1.118567634260e-01  3.323993109741e+01  2.740490703938e+01
-3.760000000000e+00  9.897542986374e-02  1.138155190179e-01  3.394857244326e+01  2.788480215939e+01
-3.740000000000e+00  1.010986028935e-01  1.158161616440e-01  3.467682079246e+01  2.837495960277e+01
-3.720000000000e+00  1.032819596299e-01  1.178598642965e-01  3.542571215307e+01  2.887566675265e+01
-3.700000000000e+00  1.055287974140e-01  1.199478631802e-01  3.619637751300e+01  2.938722647914e+01
-3.680000000000e+00  1.078426641626e-01  1.220814630051e-01  3.699003380779e+01  2.990995843625e+01
-3.660000000000e+00  1.102273217245e-01  1.242620416477e-01  3.780797135150e+01  3.044420020368e+01
-3.640000000000e+00  1.126867013343e-01  1.264910539943e-01  3.865153855766e+01  3.099030822860e+01
-3.620000000000e+00  1.152248547350e-01  1.287700348438e-01  3.952212517411e+01  3.154865853674e+01
-3.600000000000e+00  1.178459055686e-01  1.311006008271e-01  4.042114561004e+01  3.211964720264e+01
-3.580000000000e+00  1.205540063862e-01  1.334844514009e-01  4.135002419048e+01  3.270369059321e+01
-3.560000000000e+00  1.233533069224e-01  1.359233690852e-01  4.231018427439e+01  3.330122542588e+01
-3.540000000000e+00  1.262479389473e-01  1.384192192244e-01  4.330304305891e+01  3.391270870997e+01
-3.520000000000e+00  1.292420219197e-01  1.409739496464e-01  4.433001351845e+01  3.453861766337e+01
-3.500000000000e+00  1.323396917479e-01  1.435895906656e-01  4.539251426952e+01  3.517944971308e+01
-3.480000000000e+00  1.355451522617e-01  1.462682558905e-01  4.649198722578e+01  3.583572269316e+01
-3.460000000000e+00  1.388627456663e-01  1.490121442598e-01  4.762992176353e+01  3.650797534364e+01
-3.440000000000e+00  1.422970345473e-01  1.518235436193e-01  4.880788284971e+01  3.719676818673e+01
-3.420000000000e+00  1.458528842464e-01  1.547048359639e-01  5.002753929651e+01  3.790268481115e+01
-3.400000000000e+00  1.495355308836e-01  1.576585042104e-01  5.129068709309e+01  3.862633353154e+01
-3.380000000000e+00  1.533506170665e-01  1.606871400411e-01  5.259926165381e+01  3.936834931006e+01
-3.360000000000e+00  1.573041741810e-01  1.637934519646e-01  5.395533174407e+01  4.012939573134e+01
-3.340000000000e+00  1.614025265783e-01  1.669802722865e-01  5.536106661636e+01  4.091016671020e+01
-3.320000000000e+00  1.656520882470e-01  1.702505611418e-01  5.681866626871e+01  4.171138747973e+01
-3.300000000000e+00  1.700590162928e-01  1.736074050948e-01  5.833024258844e+01  4.253381424823e+01
-3.280000000000e+00  1.746286785120e-01  1.770540070261e-01  5.989763672961e+01  4.337823172140e+01
-3.260000000000e+00  1.793648876734e-01  1.805936631173e-01  6.152215647197e+01  4.424544746374e+01
-3.240000000000e+00  1.842688594835e-01  1.842297218179e-01  6.320421880282e+01  4.513628184537e+01
-3.220000000000e+00  1.893378748875e-01  1.879655190128e-01  6.494289108640e+01  4.605155215813e+01
-3.200000000000e+00  1.945636820746e-01  1.918042837085e-01  6.673534295159e+01  4.699204950858e+01
-3.180000000000e+00  1.999307663838e-01  1.957490101278e-01  6.857625286963e+01  4.795850748131e+01
-3.160000000000e+00  2.054147400580e-01  1.998022958708e-01  7.045725583990e+01  4.895156248836e+01
-3.140000000000e+00  2.109812273429e-01  2.039661521157e-01  7.236656097861e+01  4.997170726836e+01
-3.120000000000e+00  2.165856872016e-01  2.082418001602e-01  7.428889071014e+01  5.101924103924e+01
-3.100000000000e+00  2.221745601032e-01  2.126294771446e-01  7.620587411539e+01  5.209422190042e+01
-3.080000000000e+00  2.276879077308e-01  2.171282796232e-01  7.809695235166e+01  5.319642850768e+01
-3.060000000000e+00  2.330633627383e-01  2.217360736635e-01  7.994073341924e+01  5.432533804757e+01
-3.040000000000e+00  2.382408280003e-01  2.264494926419e-01  8.171660400412e+01  5.548012569727e+01
-3.020000000000e+00  2.431671119354e-01  2.312640298338e-01  8.340631939383e+01  5.665968730927e+01
-3.000000000000e+00  2.477996735413e-01  2.361742160540e-01  8.499528802466e+01  5.786268293323e+01
-2.980000000000e+00  2.521088885404e-01  2.411738580901e-01  8.647334876935e+01  5.908759523207e+01
-2.960000000000e+00  2.560786354434e-01  2.462563056486e-01  8.783497195707e+01  6.033279488390e+01
-2.940000000000e+00  2.597053842505e-01  2.514147144795e-01  8.907894679791e+01  6.159660504748e+01
-2.920000000000e+00  2.629962271472e-01  2.566422798405e-01  9.020770591149e+01  6.287735856093e+01
-2.900000000000e+00  2.659663744566e-01  2.619324243705e-01  9.122646643862e+01  6.417344397076e+01
-2.880000000000e+00  2.686365792107e-01  2.672789344977e-01  9.214234666928e+01  6.548333895194e+01
-2.860000000000e+00  2.710308159832e-01  2.726760474700e-01  9.296356988222e+01  6.680563163016e+01
-2.840000000000e+00  2.731743881593e-01  2.781184960707e-01  9.369881513863e+01  6.813903153733e+01
-2.820000000000e+00  2.750925134999e-01  2.836015202616e-01  9.435673213046e+01  6.948237246409e+01
-2.800000000000e+00  2.768093559397e-01  2.891208550989e-01  9.494560908732e+01  7.083460949922e+01
-2.780000000000e+00  2.783474295649e-01  2.946727031480e-01  9.547316834076e+01  7.219481227127e+01
-2.760000000000e+00  2.797272880741e-01  3.002536979769e-01  9.594645980942e+01  7.356215600434e+01
-2.740000000000e+00  2.809674180845e-01  3.058608636027e-01  9.637182440297e+01  7.493591158267e+01
-2.720000000000e+00  2.820842680674e-01  3.114915732626e-01  9.675490394711e+01  7.631543544934e+01
-2.700000000000e+00  2.830923603700e-01  3.171435096678e-01  9.710067960691e+01  7.770015986861e+01
-2.680000000000e+00  2.840044483424e-01  3.228146280025e-01  9.741352578143e+01  7.908958386061e+01
-2.660000000000e+00  2.848316926217e-01  3.285031222909e-01  9.769727056925e+01  8.048326496127e+01
-2.640000000000e+00  2.855838398333e-01  3.342073953361e-01  9.795525706283e+01  8.188081185735e+01
-2.620000000000e+00  2.862693936214e-01  3.399260321688e-01  9.819040201215e+01  8.328187788135e+01
-2.600000000000e+00  2.868957725124e-01  3.456577767908e-01  9.840524997177e+01  8.468615531373e+01
-2.580000000000e+00  2.874694521377e-01  3.514015119220e-01  9.860202208322e+01  8.609337042088e+01
-2.560000000000e+00  2.879960912434e-01  3.571562414294e-01  9.878265929648e+01  8.750327915021e+01
-2.540000000000e+00  2.884806420427e-01  3.629210751183e-01  9.894886022064e+01  8.891566340399e+01
-2.520000000000e+00  2.889274460715e-01  3.686952155830e-01  9.910211400252e+01  9.033032781783e+01
-2.500000000000e+00  2.893403169905e-01  3.744779468417e-01  9.924372872773e+01  9.174709697621e+01
-2.480000000000e+00  2.897226118478e-01  3.802686245098e-01  9.937485586378e+01  9.316581300491e+01
-2.460000000000e+00  2.900772922725e-01  3.860666672954e-01  9.949651124946e+01  9.458633348737e+01
-2.440000000000e+00  2.904069769614e-01  3.918715496285e-01  9.960959309777e+01  9.600852965899e+01
-2.420000000000e+00  2.907139866831e-01  3.976827952649e-01  9.971489743229e+01  9.743228483989e+01
-2.400000000000e+00  2.910003828783e-01  4.034999717225e-01  9.981313132724e+01  9.885749307201e+01
-2.380000000000e+00  2.912680007966e-01  4.093226854353e-01  9.990492427323e+01  1.002840579317e+02
-2.360000000000e+00  2.915184779757e-01  4.151505775212e-01  9.999083794566e+01  1.017118914927e+02
-2.340000000000e+00  2.917532787554e-01  4.209833200787e-01  1.000713746131e+02  1.031409134193e+02
-2.320000000000e+00  2.919737154151e-01  4.268206129402e-01  1.001469843874e+02  1.045710501704e+02
-2.300000000000e+00  2.921809664340e-01  4.326621808172e-01  1.002180714869e+02  1.060022343002e+02
-2.280000000000e+00  2.923760922972e-01  4.385077707864e-01  1.002849996579e+02  1.074344038427e+02
-2.260000000000e+00  2.925600492067e-01  4.443571500699e-01  1.003480968779e+02  1.088675017671e+02
-2.240000000000e+00  2.927337010000e-01  4.502101040720e-01  1.004076594430e+02  1.103014754977e+02
-2.220000000000e+00  2.928978295328e-01  4.560664346377e-01  1.004639555298e+02  1.117362764862e+02
-2.200000000000e+00  2.930531437449e-01  4.619259585056e-01  1.005172283045e+02  1.131718598339e+02
-2.180000000000e+00  2.932002875911e-01  4.677885059312e-01  1.005676986438e+02  1.146081839532e+02
-2.160000000000e+00  2.933398469962e-01  4.736539194579e-01  1.006155675197e+02  1.160452102672e+02
-2.140000000000e+00  2.934723559662e-01  4.795220528185e-01  1.006610180964e+02  1.174829029405e+02
-2.120000000000e+00  2.935983019694e-01  4.853927699527e-01  1.007042175755e+02  1.189212286384e+02
-2.100000000000e+00  2.937181306845e-01  4.912659441237e-01  1.007453188248e+02  1.203601563103e+02
-2.080000000000e+00  2.938322501979e-01  4.971414571262e-01  1.007844618179e+02  1.217996569959e+02
-2.060000000000e+00  2.939410347223e-01  5.030191985718e-01  1.008217749098e+02  1.232397036501e+02
-2.040000000000e+00  2.940448278973e-01  5.088990652456e-01  1.008573759688e+02  1.246802709852e+02
-2.020000000000e+00  2.941439457231e-01  5.147809605243e-01  1.008913733830e+02  1.261213353284e+02
-2.000000000000e+00  2.942386791746e-01  5.206647938504e-01  1.009238669569e+02  1.275628744933e+02
