# EOS from SUS (muVT) via reweighting
# input_logW = logW_from_windows.dat
# gauge: logW(Nmin)=0 with Nmin=0
# params: T=1.4  V=343  mu_ref=-3.5
# columns: mu   rho(<N>/V)   P   <N>   lnXi
-6.000000000000e+00  1.472658789603e-02  2.002694973180e-02  5.051219648339e+00  4.906602684292e+00
-5.980000000000e+00  1.495073540103e-02  2.032371708559e-02  5.128102242554e+00  4.979310685970e+00
-5.960000000000e+00  1.517844159049e-02  2.062500287207e-02  5.206205465539e+00  5.053125703658e+00
-5.940000000000e+00  1.540976977666e-02  2.093087889551e-02  5.285551033393e+00  5.128065329400e+00
-5.920000000000e+00  1.564478482104e-02  2.124141824184e-02  5.366161193616e+00  5.204147469251e+00
-5.900000000000e+00  1.588355318119e-02  2.155669531009e-02  5.448058741147e+00  5.281390350973e+00
-5.880000000000e+00  1.612614295787e-02  2.187678584482e-02  5.531267034550e+00  5.359812531981e+00
-5.860000000000e+00  1.637262394267e-02  2.220176696941e-02  5.615810012337e+00  5.439432907505e+00
-5.840000000000e+00  1.662306766592e-02  2.253171722039e-02  5.701712209411e+00  5.520270718995e+00
-5.820000000000e+00  1.687754744501e-02  2.286671658268e-02  5.788998773639e+00  5.602345562756e+00
-5.800000000000e+00  1.713613843315e-02  2.320684652583e-02  5.877695482569e+00  5.685677398828e+00
-5.780000000000e+00  1.739891766847e-02  2.355219004122e-02  5.967828760287e+00  5.770286560099e+00
-5.760000000000e+00  1.766596412377e-02  2.390283168026e-02  6.059425694454e+00  5.856193761664e+00
-5.740000000000e+00  1.793735875670e-02  2.425885759357e-02  6.152514053550e+00  5.943420110425e+00
-5.720000000000e+00  1.821318456080e-02  2.462035557121e-02  6.247122304353e+00  6.031987114945e+00
-5.700000000000e+00  1.849352661726e-02  2.498741508388e-02  6.343279629721e+00  6.121916695550e+00
-5.680000000000e+00  1.877847214786e-02  2.536012732524e-02  6.441015946715e+00  6.213231194683e+00
-5.660000000000e+00  1.906811056892e-02  2.573858525523e-02  6.540361925139e+00  6.305953387531e+00
-5.640000000000e+00  1.936253354686e-02  2.612288364453e-02  6.641349006572e+00  6.400106492909e+00
-5.620000000000e+00  1.966183505529e-02  2.651311912011e-02  6.744009423963e+00  6.495714184427e+00
-5.600000000000e+00  1.996611143406e-02  2.690939021200e-02  6.848376221883e+00  6.592800601940e+00
-5.580000000000e+00  2.027546145049e-02  2.731179740117e-02  6.954483277518e+00  6.691390363287e+00
-5.560000000000e+00  2.058998636299e-02  2.772044316876e-02  7.062365322505e+00  6.791508576346e+00
-5.540000000000e+00  2.090978998743e-02  2.813543204652e-02  7.172057965688e+00  6.893180851398e+00
-5.520000000000e+00  2.123497876646e-02  2.855687066869e-02  7.283597716897e+00  6.996433313828e+00
-5.500000000000e+00  2.156566184206e-02  2.898486782521e-02  7.397022011825e+00  7.101292617176e+00
-5.480000000000e+00  2.190195113145e-02  2.941953451649e-02  7.512369238086e+00  7.207785956541e+00
-5.460000000000e+00  2.224396140672e-02  2.986098400972e-02  7.629678762507e+00  7.315941082381e+00
-5.440000000000e+00  2.259181037816e-02  3.030933189673e-02  7.748990959709e+00  7.425786314699e+00
-5.420000000000e+00  2.294561878137e-02  3.076469615370e-02  7.870347242010e+00  7.537350557656e+00
-5.400000000000e+00  2.330551046835e-02  3.122719720250e-02  7.993790090645e+00  7.650663314612e+00
-5.380000000000e+00  2.367161250234e-02  3.169695797401e-02  8.119363088303e+00  7.765754703632e+00
-5.360000000000e+00  2.404405525634e-02  3.217410397330e-02  8.247110952923e+00  7.882655473458e+00
-5.340000000000e+00  2.442297251517e-02  3.265876334685e-02  8.377079572702e+00  8.001397019977e+00
-5.320000000000e+00  2.480850158074e-02  3.315106695181e-02  8.509316042193e+00  8.122011403194e+00
-5.300000000000e+00  2.520078338015e-02  3.365114842747e-02  8.643868699391e+00  8.244531364730e+00
-5.280000000000e+00  2.559996257626e-02  3.415914426881e-02  8.780787163656e+00  8.368990345858e+00
-5.260000000000e+00  2.600618768019e-02  3.467519390236e-02  8.920122374304e+00  8.495422506078e+00
-5.240000000000e+00  2.641961116528e-02  3.519943976432e-02  9.061926629692e+00  8.623862742258e+00
-5.220000000000e+00  2.684038958197e-02  3.573202738092e-02  9.206253626617e+00  8.754346708324e+00
-5.200000000000e+00  2.726868367303e-02  3.627310545113e-02  9.353158499849e+00  8.886910835528e+00
-5.180000000000e+00  2.770465848874e-02  3.682282593169e-02  9.502697861637e+00  9.021592353263e+00
-5.160000000000e+00  2.814848350169e-02  3.738134412432e-02  9.654929841079e+00  9.158429310459e+00
-5.140000000000e+00  2.860033272087e-02  3.794881876543e-02  9.809914123260e+00  9.297460597530e+00
-5.120000000000e+00  2.906038480517e-02  3.852541211787e-02  9.967711988172e+00  9.438725968878e+00
-5.100000000000e+00  2.952882317637e-02  3.911129006513e-02  1.012838634950e+01  9.582266065957e+00
-5.080000000000e+00  3.000583613248e-02  3.970662220771e-02  1.029200179344e+01  9.728122440890e+00
-5.060000000000e+00  3.049161696204e-02  4.031158196178e-02  1.045862461798e+01  9.876337580637e+00
-5.040000000000e+00  3.098636406109e-02  4.092634666016e-02  1.062832287295e+01  1.002695493174e+01
-5.020000000000e+00  3.149028105463e-02  4.155109765567e-02  1.080116640174e+01  1.018001892564e+01
-5.000000000000e+00  3.200357692505e-02  4.218602042697e-02  1.097722688529e+01  1.033557500461e+01
-4.980000000000e+00  3.252646615072e-02  4.283130468712e-02  1.115657788970e+01  1.049366964834e+01
-4.960000000000e+00  3.305916885848e-02  4.348714449492e-02  1.133929491846e+01  1.065435040126e+01
-4.940000000000e+00  3.360191099440e-02  4.415373836964e-02  1.152545547108e+01  1.081766590056e+01
-4.920000000000e+00  3.415492451805e-02  4.483128940923e-02  1.171513910969e+01  1.098366590526e+01
-4.900000000000e+00  3.471844762585e-02  4.552000541282e-02  1.190842753567e+01  1.115240132614e+01
-4.880000000000e+00  3.529272501000e-02  4.622009900793e-02  1.210540467843e+01  1.132392425694e+01
-4.860000000000e+00  3.587800815963e-02  4.693178778340e-02  1.230615679875e+01  1.149828800693e+01
-4.840000000000e+00  3.647455571163e-02  4.765529442866e-02  1.251077260909e+01  1.167554713502e+01
-4.820000000000e+00  3.708263385855e-02  4.839084688071e-02  1.271934341348e+01  1.185575748577e+01
-4.800000000000e+00  3.770251682133e-02  4.913867847987e-02  1.293196326972e+01  1.203897622757e+01
-4.780000000000e+00  3.833448739437e-02  4.989902813559e-02  1.314872917627e+01  1.222526189322e+01
-4.760000000000e+00  3.897883757030e-02  5.067214050413e-02  1.336974128661e+01  1.241467442351e+01
-4.740000000000e+00  3.963586925128e-02  5.145826617939e-02  1.359510315319e+01  1.260727521395e+01
-4.720000000000e+00  4.030589505279e-02  5.225766189907e-02  1.382492200311e+01  1.280312716527e+01
-4.700000000000e+00  4.098923920494e-02  5.307059076771e-02  1.405930904730e+01  1.300229473809e+01
-4.680000000000e+00  4.168623855500e-02  5.389732249887e-02  1.429837982437e+01  1.320484401222e+01
-4.660000000000e+00  4.239724367305e-02  5.473813367838e-02  1.454225457986e+01  1.341084275120e+01
-4.640000000000e+00  4.312262006094e-02  5.559330805066e-02  1.479105868090e+01  1.362036047241e+01
-4.620000000000e+00  4.386274946225e-02  5.646313683032e-02  1.504492306555e+01  1.383346852343e+01
-4.600000000000e+00  4.461803126840e-02  5.734791904093e-02  1.530398472506e+01  1.405024016503e+01
-4.580000000000e+00  4.538888401285e-02  5.824796188271e-02  1.556838721641e+01  1.427075066126e+01
-4.560000000000e+00  4.617574694207e-02  5.916358113104e-02  1.583828120113e+01  1.449507737711e+01
-4.540000000000e+00  4.697908164779e-02  6.009510156690e-02  1.611382500519e+01  1.472329988389e+01
-4.520000000000e+00  4.779937374049e-02  6.104285744049e-02  1.639518519299e+01  1.495550007292e+01
-4.500000000000e+00  4.863713453919e-02  6.200719296847e-02  1.668253714694e+01  1.519176227728e+01
-4.480000000000e+00  4.949290274653e-02  6.298846286500e-02  1.697606564206e+01  1.543217340192e+01
-4.460000000000e+00  5.036724607195e-02  6.398703290567e-02  1.727596540268e+01  1.567682306189e+01
-4.440000000000e+00  5.126076275854e-02  6.500328052318e-02  1.758244162618e+01  1.592580372818e+01
-4.420000000000e+00  5.217408296145e-02  6.603759543209e-02  1.789571045578e+01  1.617921088086e+01
-4.400000000000e+00  5.310786991793e-02  6.709038027911e-02  1.821599938185e+01  1.643714316838e+01
-4.380000000000e+00  5.406282084074e-02  6.816205131424e-02  1.854354754838e+01  1.669970257199e+01
-4.360000000000e+00  5.503966745937e-02  6.925303907633e-02  1.887860593856e+01  1.696699457370e+01
-4.340000000000e+00  5.603917612712e-02  7.036378908532e-02  1.922143741160e+01  1.723912832590e+01
-4.320000000000e+00  5.706214740806e-02  7.149476253145e-02  1.957231656097e+01  1.751621682020e+01
-4.300000000000e+00  5.810941505739e-02  7.264643695041e-02  1.993152936469e+01  1.779837705285e+01
-4.280000000000e+00  5.918184431336e-02  7.381930687132e-02  2.029937259948e+01  1.808573018347e+01
-4.260000000000e+00  6.028032943031e-02  7.501388442295e-02  2.067615299460e+01  1.837840168362e+01
-4.240000000000e+00  6.140579040294e-02  7.623069988274e-02  2.106218610821e+01  1.867652147127e+01
-4.220000000000e+00  6.255916886238e-02  7.747030215191e-02  2.145779491980e+01  1.898022402722e+01
-4.200000000000e+00  6.374142316873e-02  7.873325914040e-02  2.186330814687e+01  1.928964848940e+01
-4.180000000000e+00  6.495352278097e-02  8.002015804626e-02  2.227905831387e+01  1.960493872133e+01
-4.160000000000e+00  6.619644205647e-02  8.133160551642e-02  2.270537962537e+01  1.992624335152e+01
-4.140000000000e+00  6.747115371534e-02  8.266822767957e-02  2.314260572436e+01  2.025371578150e+01
-4.120000000000e+00  6.877862229896e-02  8.403067004773e-02  2.359106744854e+01  2.058751416169e+01
-4.100000000000e+00  7.011979805064e-02  8.541959729035e-02  2.405109073137e+01  2.092780133614e+01
-4.080000000000e+00  7.149561174398e-02  8.683569289456e-02  2.452299482819e+01  2.127474475917e+01
-4.060000000000e+00  7.290697107042e-02  8.827965873651e-02  2.500709107715e+01  2.162851639045e+01
-4.040000000000e+00  7.435475926164e-02  8.975221460166e-02  2.550368242674e+01  2.198929257741e+01
-4.020000000000e+00  7.583983665096e-02  9.125409770568e-02  2.601306397128e+01  2.235725393789e+01
-4.000000000000e+00  7.736304585854e-02  9.278606228179e-02  2.653552472948e+01  2.273258525904e+01
-3.980000000000e+00  7.892522120531e-02  9.434887931313e-02  2.707135087342e+01  2.311547543172e+01
-3.960000000000e+00  8.052720281243e-02  9.594333649968e-02  2.762083056466e+01  2.350611744242e+01
-3.940000000000e+00  8.216985562077e-02  9.757023855626e-02  2.818426047792e+01  2.390470844628e+01
-3.920000000000e+00  8.385409327290e-02  9.923040793979e-02  2.876195399260e+01  2.431144994525e+01
-3.900000000000e+00  8.558090644705e-02  1.009246860998e-01  2.935425091134e+01  2.472654809446e+01
-3.880000000000e+00  8.735139483830e-02  1.026539353339e-01  2.996152842954e+01  2.515021415681e+01
-3.860000000000e+00  8.916680157351e-02  1.044190413093e-01  3.058421293971e+01  2.558266512077e+01
-3.840000000000e+00  9.102854845757e-02  1.062209162838e-01  3.122279212095e+01  2.602412448954e+01
-3.820000000000e+00  9.293827011736e-02  1.080605030251e-01  3.187782665026e+01  2.647482324115e+01
-3.800000000000e+00  9.489784487772e-02  1.099387793825e-01  3.254996079306e+01  2.693500094872e+01
-3.780000000000e+00  9.690942010908e-02  1.118567634260e-01  3.323993109742e+01  2.740490703938e+01
-3.760000000000e+00  9.897542986379e-02  1.138155190179e-01  3.394857244328e+01  2.788480215939e+01
-3.740000000000e+00  1.010986028936e-01  1.158161616440e-01  3.467682079251e+01  2.837495960277e+01
-3.720000000000e+00  1.032819596302e-01  1.178598642965e-01  3.542571215318e+01  2.887566675265e+01
-3.700000000000e+00  1.055287974148e-01  1.199478631802e-01  3.619637751329e+01  2.938722647915e+01
-3.680000000000e+00  1.078426641648e-01  1.220814630051e-01  3.699003380853e+01  2.990995843626e+01
-3.660000000000e+00  1.102273217300e-01  1.242620416478e-01  3.780797135341e+01  3.044420020371e+01
-3.640000000000e+00  1.126867013484e-01  1.264910539946e-01  3.865153856250e+01  3.099030822867e+01
-3.620000000000e+00  1.152248547704e-01  1.287700348446e-01  3.952212518625e+01  3.154865853693e+01
-3.600000000000e+00  1.178459056564e-01  1.311006008290e-01  4.042114564014e+01  3.211964720311e+01
-3.580000000000e+00  1.205540066009e-01  1.334844514056e-01  4.135002426411e+01  3.270369059438e+01
-3.560000000000e+00  1.233533074406e-01  1.359233690969e-01  4.231018445212e+01  3.330122542874e+01
-3.540000000000e+00  1.262479401809e-01  1.384192192526e-01  4.330304348205e+01  3.391270871688e+01
-3.520000000000e+00  1.292420248148e-01  1.409739497136e-01  4.433001451147e+01  3.453861767983e+01
-3.500000000000e+00  1.323396984422e-01  1.435895908236e-01  4.539251656567e+01  3.517944975177e+01
-3.480000000000e+00  1.355451675050e-01  1.462682562564e-01  4.649199245421e+01  3.583572278283e+01
-3.460000000000e+00  1.388627798287e-01  1.490121450952e-01  4.762993348125e+01  3.650797554834e+01
-3.440000000000e+00  1.422971098612e-01  1.518235454973e-01  4.880790868238e+01  3.719676864685e+01
-3.420000000000e+00  1.458530474770e-01  1.547048401184e-01  5.002759528460e+01  3.790268582900e+01
-3.400000000000e+00  1.495358784693e-01  1.576585132502e-01  5.129080631495e+01  3.862633574630e+01
-3.380000000000e+00  1.533513438028e-01  1.606871593781e-01  5.259951092437e+01  3.936835404763e+01
-3.360000000000e+00  1.573056651000e-01  1.637934926048e-01  5.395584312931e+01  4.012940568817e+01
-3.340000000000e+00  1.614055256437e-01  1.669803561555e-01  5.536209529578e+01  4.091018725809e+01
-3.320000000000e+00  1.656579990948e-01  1.702507309900e-01  5.682069368953e+01  4.171142909256e+01
-3.300000000000e+00  1.700704216238e-01  1.736077424278e-01  5.833415461696e+01  4.253389689481e+01
-3.280000000000e+00  1.746502067609e-01  1.770546636405e-01  5.990502091897e+01  4.337839259191e+01
-3.260000000000e+00  1.794046058733e-01  1.805949148902e-01  6.153577981455e+01  4.424575414811e+01
-3.240000000000e+00  1.843404213170e-01  1.842320574884e-01  6.322876451175e+01  4.513685408465e+01
-3.220000000000e+00  1.894636852746e-01  1.879697816454e-01  6.498604404920e+01  4.605259650313e+01
-3.200000000000e+00  1.947793265915e-01  1.918118877310e-01  6.680930902090e+01  4.699391249410e+01
-3.180000000000e+00  2.002908610333e-01  1.957622610333e-01  6.869976533443e+01  4.796175395316e+01
-3.160000000000e+00  2.060001548263e-01  1.998248409628e-01  7.065805310541e+01  4.895708603589e+01
-3.140000000000e+00  2.119073197618e-01  2.040035867458e-01  7.268421067829e+01  4.998087875272e+01
-3.120000000000e+00  2.180107879505e-01  2.083024427606e-01  7.477770026701e+01  5.103409847635e+01
-3.100000000000e+00  2.243075705330e-01  2.127253072601e-01  7.693749669282e+01  5.211770027871e+01
-3.080000000000e+00  2.307936172300e-01  2.172760075111e-01  7.916221070988e+01  5.323262184022e+01
-3.060000000000e+00  2.374640682229e-01  2.219582815116e-01  8.145017540046e+01  5.437977897034e+01
-3.040000000000e+00  2.443130586429e-01  2.267757609280e-01  8.379937911452e+01  5.556006142735e+01
-3.020000000000e+00  2.513326618668e-01  2.317319422016e-01  8.620710302030e+01  5.677432583939e+01
-3.000000000000e+00  2.585106252977e-01  2.368301248595e-01  8.866914447710e+01  5.802338059058e+01
-2.980000000000e+00  2.658268373806e-01  2.420732915885e-01  9.117860522156e+01  5.930795643918e+01
-2.960000000000e+00  2.732489821852e-01  2.474639082369e-01  9.372440088952e+01  6.062865751805e+01
-2.940000000000e+00  2.807284778708e-01  2.530036374104e-01  9.628986790967e+01  6.198589116554e+01
-2.920000000000e+00  2.881982887178e-01  2.586929867256e-01  9.885201303019e+01  6.337978174778e+01
-2.900000000000e+00  2.955741850971e-01  2.645309455620e-01  1.013819454883e+02  6.481008166269e+01
-2.880000000000e+00  3.027602545319e-01  2.705146892216e-01  1.038467673044e+02  6.627609885929e+01
-2.860000000000e+00  3.096580706519e-01  2.766394321817e-01  1.062127182336e+02  6.777666088451e+01
-2.840000000000e+00  3.161774950464e-01  2.828984853426e-01  1.084488808009e+02  6.931012890894e+01
-2.820000000000e+00  3.222463769634e-01  2.892835228504e-01  1.105305072984e+02  7.087446309834e+01
-2.800000000000e+00  3.278168316820e-01  2.957850116642e-01  1.124411732669e+02  7.246732785773e+01
-2.780000000000e+00  3.328670663108e-01  3.023927226050e-01  1.141734037446e+02  7.408621703823e+01
-2.760000000000e+00  3.373991728437e-01  3.090962358755e-01  1.157279162854e+02  7.572857778949e+01
-2.740000000000e+00  3.414342695737e-01  3.158853732109e-01  1.171119544638e+02  7.739191643668e+01
-2.720000000000e+00  3.450066082144e-01  3.227505199658e-01  1.183372666175e+02  7.907387739163e+01
-2.700000000000e+00  3.481579453639e-01  3.296828302544e-01  1.194181752598e+02  8.077229341232e+01
-2.680000000000e+00  3.509329341042e-01  3.366743289200e-01  1.203699963978e+02  8.248521058541e+01
-2.660000000000e+00  3.533757925836e-01  3.437179340124e-01  1.212078968562e+02  8.421089383305e+01
-2.640000000000e+00  3.555281741058e-01  3.508074249571e-01  1.219461637183e+02  8.594781911450e+01
-2.620000000000e+00  3.574280032014e-01  3.579373782387e-01  1.225978050981e+02  8.769465766847e+01
-2.600000000000e+00  3.591090053190e-01  3.651030871828e-01  1.231743888244e+02  8.945025635978e+01
-2.580000000000e+00  3.606006878584e-01  3.723004772071e-01  1.236860359354e+02  9.121361691574e+01
-2.560000000000e+00  3.619285853580e-01  3.795260235968e-01  1.241415047778e+02  9.298387578122e+01
-2.540000000000e+00  3.631146376554e-01  3.867766756906e-01  1.245483207158e+02  9.476028554421e+01
-2.520000000000e+00  3.641776162339e-01  3.940497892206e-01  1.249129223682e+02  9.654219835904e+01
-2.500000000000e+00  3.651335482019e-01  4.013430672170e-01  1.252408070332e+02  9.832905146817e+01
-2.480000000000e+00  3.659961106726e-01  4.086545091280e-01  1.255366659607e+02  1.001203547364e+02
-2.460000000000e+00  3.667769831702e-01  4.159823674186e-01  1.258045052274e+02  1.019156800176e+02
-2.440000000000e+00  3.674861545788e-01  4.233251107638e-01  1.260477510205e+02  1.037146521371e+02
-2.420000000000e+00  3.681321860755e-01  4.306813929358e-01  1.262693398239e+02  1.055169412693e+02
-2.400000000000e+00  3.687224339288e-01  4.380500265411e-01  1.264717948376e+02  1.073222565026e+02
-2.380000000000e+00  3.692632369965e-01  4.454299608516e-01  1.266572902898e+02  1.091303404086e+02
-2.360000000000e+00  3.697600738795e-01  4.528202630745e-01  1.268277053407e+02  1.109409644533e+02
-2.340000000000e+00  3.702176943764e-01  4.602201025012e-01  1.269846691711e+02  1.127539251128e+02
-2.320000000000e+00  3.706402293801e-01  4.676287370630e-01  1.271295986774e+02  1.145690405804e+02
-2.300000000000e+00  3.710312828011e-01  4.750455018989e-01  1.272637300008e+02  1.163861479652e+02
-2.280000000000e+00  3.713940085567e-01  4.824697996093e-01  1.273881449349e+02  1.182051009043e+02
-2.260000000000e+00  3.717311751730e-01  4.899010919203e-01  1.275037930843e+02  1.200257675205e+02
-2.240000000000e+00  3.720452201169e-01  4.973388925349e-01  1.276115105001e+02  1.218480286711e+02
-2.220000000000e+00  3.723382956060e-01  5.047827609832e-01  1.277120353929e+02  1.236717764409e+02
-2.200000000000e+00  3.726123073405e-01  5.122322973148e-01  1.278060214178e+02  1.254969128421e+02
-2.180000000000e+00  3.728689473425e-01  5.196871375064e-01  1.278940489385e+02  1.273233486891e+02
-2.160000000000e+00  3.731097218817e-01  5.271469494747e-01  1.279766346054e+02  1.291510026213e+02
-2.140000000000e+00  3.733359752914e-01  5.346114296056e-01  1.280542395249e+02  1.309798002534e+02
-2.120000000000e+00  3.735489103397e-01  5.420802997248e-01  1.281272762465e+02  1.328096734326e+02
-2.100000000000e+00  3.737496057039e-01  5.495533044454e-01  1.281961147565e+02  1.346405595891e+02
-2.080000000000e+00  3.739390310040e-01  5.570302088405e-01  1.282610876344e+02  1.364724011659e+02
-2.060000000000e+00  3.741180597702e-01  5.645107963942e-01  1.283224945012e+02  1.383051451166e+02
-2.040000000000e+00  3.742874806616e-01  5.719948671954e-01  1.283806058669e+02  1.401387424629e+02
-2.020000000000e+00  3.744480071950e-01  5.794822363397e-01  1.284356664679e+02  1.419731479032e+02
-2.000000000000e+00  3.746002862060e-01  5.869727325129e-01  1.284878981687e+02  1.438083194657e+02
