# N  logW(N)   (gauge: logW(0)=0)
0 0
1 3.35609934854632
2 6.01523771762668
3 8.27985552007297
4 10.2747880633274
5 12.0721868825642
6 13.6807226662974
7 15.1575441203358
8 16.4962436608096
9 17.7294770963066
10 18.8694354902514
11 19.9407562149634
12 20.924588685342
13 21.8208665378796
14 22.6664506996868
15 23.4673368249616
16 24.1986437375101
17 24.9016772614959
18 25.5352008707412
19 26.1346400989466
20 26.6906983241023
21 27.197668735151
22 27.6854855711102
23 28.1279075992432
24 28.5436667171655
25 28.946948967664
26 29.2974208315426
27 29.6203912712474
28 29.932647970376
29 30.1989303176971
30 30.4605727699601
31 30.7209133008696
32 30.9523407101078
33 31.1461612005812
34 31.3479632732924
35 31.5009650513828
36 31.6306987059773
37 31.7533000447921
38 31.8331985221122
39 31.9088345597805
40 31.9870343861412
41 32.0278400473308
42 32.0640359986476
43 32.0904535349099
44 32.083333504831
45 32.0836055048327
46 32.0730934080312
47 32.0452836158645
48 32.0064627411492
49 31.9688903217327
50 31.9011203960401
51 31.8162855532837
52 31.7187683475235
53 31.6266873404132
54 31.5294588178592
55 31.4098765198398
56 31.2828901509383
57 31.1519513928313
58 30.9895634861672
59 30.8324893327189
60 30.6636574375835
61 30.487539617491
62 30.3138885632136
63 30.1205202834927
64 29.9016021463394
65 29.7091543776584
66 29.4944938774807
67 29.268707536667
68 29.0278052160635
69 28.8050324571152
70 28.5638704002984
71 28.3283233490261
72 28.0792841536937
73 27.8049199307903
74 27.531810931372
75 27.2475930050092
76 26.955060576545
77 26.6538108270623
78 26.3500239024564
79 26.0518011357021
80 25.7611807779199
81 25.4555763125766
82 25.1322446030803
83 24.7978017381877
84 24.4703796471367
85 24.1452248477661
86 23.7909740720956
87 23.4352044273268
88 23.0851779482902
89 22.7644403499147
90 22.3627738029225
91 22.0107015685261
92 21.6408463237677
93 21.2914961041662
94 20.8883471271899
95 20.4661871405096
96 20.0546016029781
97 19.6306853248118
98 19.1847852457475
99 18.7765360275975
100 18.3795637516727
101 17.9685121765998
102 17.5436924120778
103 17.0935209492473
104 16.6594221413008
105 16.2012351165289
106 15.7524094054081
107 15.3053830127637
108 14.8373250472331
109 14.3770812922649
110 13.9120122617972
111 13.457531691788
112 12.982356166502
113 12.5385398748987
114 12.048040777015
115 11.5646001454319
116 11.0442912224527
117 10.5797117096609
118 10.0938121448359
119 9.60536733887074
120 9.08079632296704
121 8.55530038403357
122 8.02555382048175
123 7.51168917369269
124 6.96487560115364
125 6.4253588267
126 5.89034391088265
127 5.34092828984679
128 4.74969530341656
129 4.18116491863655
130 3.57635485674082
