# n  Hn  Hn1  ratio=Hn1/Hn  ok
0 8424 241576 28.6771130104463 1
1 16357 233643 14.2839762792688 1
2 23524 226476 9.6274443121918 1
3 29934 220066 7.35170708892898 1
4 35542 214458 6.03393168645546 1
5 41698 208302 4.99549139047436 1
6 46477 203523 4.37900466897605 1
7 51931 198069 3.81408022183282 1
8 56404 193596 3.43230976526487 1
9 60582 189418 3.12663827539533 1
10 63788 186212 2.91923245751552 1
11 68033 181967 2.67468728411212 1
12 72454 177546 2.45046512269854 1
13 75090 174910 2.32933812758024 1
14 77459 172541 2.22751391058495 1
15 81227 168773 2.07779432947173 1
16 82785 167215 2.01987074953192 1
17 86678 163322 1.88423821500265 1
18 88618 161382 1.82109729400348 1
19 91115 158885 1.74378532623608 1
20 93976 156024 1.6602536817911 1
21 95102 154898 1.62875649302854 1
22 97791 152209 1.55647247701731 1
23 99383 150617 1.51552076310838 1
24 100131 149869 1.49672928463713 1
25 103317 146683 1.41973731331727 1
26 104988 145012 1.38122452089763 1
27 105641 144359 1.36650542876345 1
28 108455 141545 1.30510349914711 1
29 108740 141260 1.29906198271105 1
30 108820 141180 1.29737180665319 1
31 110600 139400 1.26039783001808 1
32 112924 137076 1.21387836066735 1
33 112430 137570 1.22360579916392 1
34 115456 134544 1.16532705099778 1
35 116903 133097 1.13852510200765 1
36 117347 132653 1.13043367107808 1
37 120009 129991 1.0831770950512 1
38 120275 129725 1.07856994387861 1
39 120115 129885 1.08133871706281 1
40 122450 127550 1.04164965291956 1
41 122738 127262 1.03685900047255 1
42 123349 126651 1.02676957251376 1
43 125445 124555 0.992905257284069 1
44 124983 125017 1.00027203699703 1
45 125657 124343 0.989542962190726 1
46 126738 123262 0.972573340276792 1
47 127426 122574 0.961922998446157 1
48 127348 122652 0.963124666268807 1
49 129234 120766 0.934475447637619 1
50 130299 119701 0.918663995886384 1
51 131090 118910 0.907086734304676 1
52 130751 119249 0.912031265535254 1
53 131072 118928 0.9073486328125 1
54 132465 117535 0.887290982523686 1
55 132926 117074 0.880745678046432 1
56 133172 116828 0.877271498513201 1
57 135127 114873 0.850111376704878 1
58 134797 115203 0.854640681914286 1
59 135527 114473 0.844650881374191 1
60 135979 114021 0.838519183109157 1
61 135826 114174 0.840590166831093 1
62 137048 112952 0.82417839005312 1
63 138628 111372 0.803387483048158 1
64 136991 113009 0.824937404647021 1
65 138365 111635 0.806815307339284 1
66 139052 110948 0.797888559675517 1
67 139984 110016 0.78591839067322 1
68 138866 111134 0.80029668889433 1
69 140000 110000 0.785714285714286 1
70 139654 110346 0.790138485113208 1
71 140485 109515 0.77954941808734 1
72 142041 107959 0.760055195330926 1
73 141964 108036 0.76100983347891 1
74 142645 107355 0.752602614883101 1
75 143154 106846 0.74637104097685 1
76 143687 106313 0.739892961784991 1
77 143842 106158 0.738018103196563 1
78 143502 106498 0.742135998104556 1
79 143037 106963 0.747799520403812 1
80 143953 106047 0.736677943495446 1
81 145034 104966 0.723733745190783 1
82 145710 104290 0.71573673735502 1
83 145283 104717 0.720779444257071 1
84 145145 104855 0.722415515518964 1
85 146912 103088 0.701698976257896 1
86 147004 102996 0.700633996353841 1
87 146656 103344 0.704669430504037 1
88 144876 105124 0.72561362820619 1
89 149772 100228 0.66920385652859 1
90 146780 103220 0.703229322796021 1
91 147856 102144 0.690834325289471 1
92 146615 103385 0.705146131023429 1
93 149861 100139 0.668212543623758 1
94 151000 99000 0.655629139072848 1
95 150367 99633 0.662598841501127 1
96 151105 98895 0.654478673769895 1
97 152416 97584 0.640247743019106 1
98 150167 99833 0.664813174665539 1
99 149490 100510 0.672352665730149 1
100 150335 99665 0.662952738883161 1
101 151159 98841 0.653887628258986 1
102 152670 97330 0.637518831466562 1
103 151713 98287 0.64784823976851 1
104 153146 96854 0.632429185221945 1
105 152590 97410 0.638377351071499 1
106 152483 97517 0.639527029242604 1
107 153731 96269 0.626217223591858 1
108 153268 96732 0.631129785734791 1
109 153554 96446 0.628091746226083 1
110 152926 97074 0.634777604854636 1
111 154152 95848 0.62177590949193 1
112 152292 97708 0.641583274236335 1
113 155056 94944 0.612320709937055 1
114 154640 95360 0.616658044490429 1
115 156805 93195 0.594336915276936 1
116 153525 96475 0.628399283504315 1
117 154785 95215 0.615143586264819 1
118 154935 95065 0.613579888340272 1
119 157054 92946 0.591809186649178 1
120 157108 92892 0.591262061766428 1
121 157356 92644 0.588754162535906 1
122 156428 93572 0.598179354079832 1
123 158349 91651 0.578791151191356 1
124 157925 92075 0.583029919265474 1
125 157663 92337 0.585660554473783 1
126 158500 91500 0.577287066246057 1
127 160912 89088 0.553644227900964 1
128 159606 90394 0.566357154492939 1
129 161689 88311 0.546178156831943 1
