# N  W_norm(N)   (sum=1)
0 5.26937487582802e-16
1 1.51110458808527e-14
2 2.15845820917042e-13
3 2.07804362089815e-12
4 1.52771680188605e-11
5 9.21813881883066e-11
6 4.60491331056661e-10
7 2.01649368872012e-09
8 7.6910686955981e-09
9 2.63981301892243e-08
10 8.25374042484978e-08
11 2.40945869441295e-07
12 6.44454853153969e-07
13 1.57921414080761e-06
14 3.67852370979703e-06
15 8.19396273398947e-06
16 1.7025369304586e-05
17 3.43890454583118e-05
18 6.47971536300146e-05
19 0.000118001921134747
20 0.000205770018542438
21 0.000341630430887305
22 0.000556432782523835
23 0.000866072311308509
24 0.00131255057014131
25 0.00196453287589765
26 0.00278912062715037
27 0.00385240180196147
28 0.00526432797615846
29 0.00687049286234245
30 0.00892519607995671
31 0.0115792977629874
32 0.0145945217736026
33 0.0177159741652647
34 0.0216773687264561
35 0.0252612241713926
36 0.0287605378265728
37 0.0325118803574729
38 0.0352161241202598
39 0.0379830530160108
40 0.041072545818462
41 0.0427832030963235
42 0.0443601491994683
43 0.0455476514301848
44 0.0452245025619726
45 0.0452368052998419
46 0.0447637623164506
47 0.0435360418394668
48 0.0418783199066973
49 0.0403340428840361
50 0.0376911727790945
51 0.0346255233948871
52 0.0314083529398583
53 0.0286453998801168
54 0.0259913644175914
55 0.0230619032712158
56 0.0203116716336482
57 0.0178188506113586
58 0.0151480076245206
59 0.0129461035658631
60 0.0109349377872678
61 0.00916915510072927
62 0.00770750161582218
63 0.00635235627306015
64 0.00510340351763896
65 0.00420998845270757
66 0.00339668312736609
67 0.00271017460816826
68 0.00212997606649502
69 0.00170461279344013
70 0.00133933862341725
71 0.00105826299096052
72 0.000824968298786639
73 0.000627021441476099
74 0.000477169482765432
75 0.000359119000471681
76 0.000268036022216614
77 0.000198317966342918
78 0.0001463622493502
79 0.000108620694006339
80 8.12265028838695e-05
81 5.98377731018159e-05
82 4.33066156308535e-05
83 3.09961357775151e-05
84 2.2341377519834e-05
85 1.61397577583946e-05
86 1.13252514961159e-05
87 7.93485621543601e-06
88 5.59145061046271e-06
89 4.05723276439356e-06
90 2.71511581276632e-06
91 1.90934905432443e-06
92 1.31904386568631e-06
93 9.30118678538888e-07
94 6.2151696805844e-07
95 4.07484634687321e-07
96 2.6999884687333e-07
97 1.76708487221058e-07
98 1.13137210115603e-07
99 7.52151078297561e-08
100 5.05710782525171e-08
101 3.35262348357809e-08
102 2.19223901812225e-08
103 1.3975936571287e-08
104 9.05428590682462e-09
105 5.72619465881964e-09
106 3.65547297801705e-09
107 2.33777377410786e-09
108 1.46395420220768e-09
109 9.23945101964883e-10
110 5.80322292510159e-10
111 3.68375594883349e-10
112 2.29047070543226e-10
113 1.46952769473363e-10
114 8.99822241311465e-11
115 5.54882623716123e-11
116 3.29787226920213e-11
117 2.07238057105537e-11
118 1.27481161658453e-11
119 7.82198769358819e-12
120 4.62912417492231e-12
121 2.73702550383737e-12
122 1.6114351583512e-12
123 9.6392724216405e-13
124 5.57912558156837e-13
125 3.25279713739375e-13
126 1.90503497507676e-13
127 1.09975205185819e-13
128 6.08871375633531e-14
129 3.44838659756007e-14
130 1.88343343589934e-14
